1 0 0.4 0.2 0.2 0.19
2 1 0.4 0.2 0.2 0.19
3 2 0.4 0.2 0.2 0.19
4 0 0.4 0.2 0.21 0.18
5 1 0.4 0.2 0.21 0.18
6 2 0.4 0.2 0.21 0.18
7 0 0.4 0.2 0.22 0.17
8 1 0.4 0.2 0.22 0.17
9 2 0.4 0.2 0.22 0.17
10 0 0.4 0.2 0.23 0.16
11 1 0.4 0.2 0.23 0.16
12 2 0.4 0.2 0.23 0.16
13 0 0.4 0.2 0.24 0.15
14 1 0.4 0.2 0.24 0.15
15 2 0.4 0.2 0.24 0.15
16 0 0.4 0.2 0.25 0.14
17 1 0.4 0.2 0.25 0.14
18 2 0.4 0.2 0.25 0.14
19 0 0.4 0.2 0.26 0.13
20 1 0.4 0.2 0.26 0.13
21 2 0.4 0.2 0.26 0.13
22 0 0.4 0.2 0.27 0.12
23 1 0.4 0.2 0.27 0.12
24 2 0.4 0.2 0.27 0.12
25 0 0.4 0.2 0.28 0.11
26 1 0.4 0.2 0.28 0.11
27 2 0.4 0.2 0.28 0.11
28 0 0.4 0.2 0.29 0.1
29 1 0.4 0.2 0.29 0.1
30 2 0.4 0.2 0.29 0.1
31 0 0.4 0.21 0.2 0.18
32 1 0.4 0.21 0.2 0.18
33 2 0.4 0.21 0.2 0.18
34 0 0.4 0.21 0.21 0.17
35 1 0.4 0.21 0.21 0.17
36 2 0.4 0.21 0.21 0.17
37 0 0.4 0.21 0.22 0.16
38 1 0.4 0.21 0.22 0.16
39 2 0.4 0.21 0.22 0.16
40 0 0.4 0.21 0.23 0.15
41 1 0.4 0.21 0.23 0.15
42 2 0.4 0.21 0.23 0.15
43 0 0.4 0.21 0.24 0.14
44 1 0.4 0.21 0.24 0.14
45 2 0.4 0.21 0.24 0.14
46 0 0.4 0.21 0.25 0.13
47 1 0.4 0.21 0.25 0.13
48 2 0.4 0.21 0.25 0.13
49 0 0.4 0.21 0.26 0.12
50 1 0.4 0.21 0.26 0.12
51 2 0.4 0.21 0.26 0.12
52 0 0.4 0.21 0.27 0.11
53 1 0.4 0.21 0.27 0.11
54 2 0.4 0.21 0.27 0.11
55 0 0.4 0.21 0.28 0.1
56 1 0.4 0.21 0.28 0.1
57 2 0.4 0.21 0.28 0.1
58 0 0.4 0.21 0.29 0.09
59 1 0.4 0.21 0.29 0.09
60 2 0.4 0.21 0.29 0.09
61 0 0.4 0.22 0.2 0.17
62 1 0.4 0.22 0.2 0.17
63 2 0.4 0.22 0.2 0.17
64 0 0.4 0.22 0.21 0.16
65 1 0.4 0.22 0.21 0.16
66 2 0.4 0.22 0.21 0.16
67 0 0.4 0.22 0.22 0.15
68 1 0.4 0.22 0.22 0.15
69 2 0.4 0.22 0.22 0.15
70 0 0.4 0.22 0.23 0.14
71 1 0.4 0.22 0.23 0.14
72 2 0.4 0.22 0.23 0.14
73 0 0.4 0.22 0.24 0.13
74 1 0.4 0.22 0.24 0.13
75 2 0.4 0.22 0.24 0.13
76 0 0.4 0.22 0.25 0.12
77 1 0.4 0.22 0.25 0.12
78 2 0.4 0.22 0.25 0.12
79 0 0.4 0.22 0.26 0.11
80 1 0.4 0.22 0.26 0.11
81 2 0.4 0.22 0.26 0.11
82 0 0.4 0.22 0.27 0.1
83 1 0.4 0.22 0.27 0.1
84 2 0.4 0.22 0.27 0.1
85 0 0.4 0.22 0.28 0.09
86 1 0.4 0.22 0.28 0.09
87 2 0.4 0.22 0.28 0.09
88 0 0.4 0.22 0.29 0.08
89 1 0.4 0.22 0.29 0.08
90 2 0.4 0.22 0.29 0.08
91 0 0.4 0.23 0.2 0.16
92 1 0.4 0.23 0.2 0.16
93 2 0.4 0.23 0.2 0.16
94 0 0.4 0.23 0.21 0.15
95 1 0.4 0.23 0.21 0.15
96 2 0.4 0.23 0.21 0.15
97 0 0.4 0.23 0.22 0.14
98 1 0.4 0.23 0.22 0.14
99 2 0.4 0.23 0.22 0.14
100 0 0.4 0.23 0.23 0.13
101 1 0.4 0.23 0.23 0.13
102 2 0.4 0.23 0.23 0.13
103 0 0.4 0.23 0.24 0.12
104 1 0.4 0.23 0.24 0.12
105 2 0.4 0.23 0.24 0.12
106 0 0.4 0.23 0.25 0.11
107 1 0.4 0.23 0.25 0.11
108 2 0.4 0.23 0.25 0.11
109 0 0.4 0.23 0.26 0.1
110 1 0.4 0.23 0.26 0.1
111 2 0.4 0.23 0.26 0.1
112 0 0.4 0.23 0.27 0.09
113 1 0.4 0.23 0.27 0.09
114 2 0.4 0.23 0.27 0.09
115 0 0.4 0.23 0.28 0.08
116 1 0.4 0.23 0.28 0.08
117 2 0.4 0.23 0.28 0.08
118 0 0.4 0.23 0.29 0.07
119 1 0.4 0.23 0.29 0.07
120 2 0.4 0.23 0.29 0.07
121 0 0.4 0.24 0.2 0.15
122 1 0.4 0.24 0.2 0.15
123 2 0.4 0.24 0.2 0.15
124 0 0.4 0.24 0.21 0.14
125 1 0.4 0.24 0.21 0.14
126 2 0.4 0.24 0.21 0.14
127 0 0.4 0.24 0.22 0.13
128 1 0.4 0.24 0.22 0.13
129 2 0.4 0.24 0.22 0.13
130 0 0.4 0.24 0.23 0.12
131 1 0.4 0.24 0.23 0.12
132 2 0.4 0.24 0.23 0.12
133 0 0.4 0.24 0.24 0.11
134 1 0.4 0.24 0.24 0.11
135 2 0.4 0.24 0.24 0.11
136 0 0.4 0.24 0.25 0.1
137 1 0.4 0.24 0.25 0.1
138 2 0.4 0.24 0.25 0.1
139 0 0.4 0.24 0.26 0.09
140 1 0.4 0.24 0.26 0.09
141 2 0.4 0.24 0.26 0.09
142 0 0.4 0.24 0.27 0.08
143 1 0.4 0.24 0.27 0.08
144 2 0.4 0.24 0.27 0.08
145 0 0.4 0.24 0.28 0.07
146 1 0.4 0.24 0.28 0.07
147 2 0.4 0.24 0.28 0.07
148 0 0.4 0.24 0.29 0.06
149 1 0.4 0.24 0.29 0.06
150 2 0.4 0.24 0.29 0.06
151 0 0.4 0.25 0.2 0.14
152 1 0.4 0.25 0.2 0.14
153 2 0.4 0.25 0.2 0.14
154 0 0.4 0.25 0.21 0.13
155 1 0.4 0.25 0.21 0.13
156 2 0.4 0.25 0.21 0.13
157 0 0.4 0.25 0.22 0.12
158 1 0.4 0.25 0.22 0.12
159 2 0.4 0.25 0.22 0.12
160 0 0.4 0.25 0.23 0.11
161 1 0.4 0.25 0.23 0.11
162 2 0.4 0.25 0.23 0.11
163 0 0.4 0.25 0.24 0.1
164 1 0.4 0.25 0.24 0.1
165 2 0.4 0.25 0.24 0.1
166 0 0.4 0.25 0.25 0.09
167 1 0.4 0.25 0.25 0.09
168 2 0.4 0.25 0.25 0.09
169 0 0.4 0.25 0.26 0.08
170 1 0.4 0.25 0.26 0.08
171 2 0.4 0.25 0.26 0.08
172 0 0.4 0.25 0.27 0.07
173 1 0.4 0.25 0.27 0.07
174 2 0.4 0.25 0.27 0.07
175 0 0.4 0.25 0.28 0.06
176 1 0.4 0.25 0.28 0.06
177 2 0.4 0.25 0.28 0.06
178 0 0.4 0.25 0.29 0.05
179 1 0.4 0.25 0.29 0.05
180 2 0.4 0.25 0.29 0.05
181 0 0.4 0.26 0.2 0.13
182 1 0.4 0.26 0.2 0.13
183 2 0.4 0.26 0.2 0.13
184 0 0.4 0.26 0.21 0.12
185 1 0.4 0.26 0.21 0.12
186 2 0.4 0.26 0.21 0.12
187 0 0.4 0.26 0.22 0.11
188 1 0.4 0.26 0.22 0.11
189 2 0.4 0.26 0.22 0.11
190 0 0.4 0.26 0.23 0.1
191 1 0.4 0.26 0.23 0.1
192 2 0.4 0.26 0.23 0.1
193 0 0.4 0.26 0.24 0.09
194 1 0.4 0.26 0.24 0.09
195 2 0.4 0.26 0.24 0.09
196 0 0.4 0.26 0.25 0.08
197 1 0.4 0.26 0.25 0.08
198 2 0.4 0.26 0.25 0.08
199 0 0.4 0.26 0.26 0.07
200 1 0.4 0.26 0.26 0.07
201 2 0.4 0.26 0.26 0.07
202 0 0.4 0.26 0.27 0.06
203 1 0.4 0.26 0.27 0.06
204 2 0.4 0.26 0.27 0.06
205 0 0.4 0.26 0.28 0.05
206 1 0.4 0.26 0.28 0.05
207 2 0.4 0.26 0.28 0.05
208 0 0.4 0.26 0.29 0.04
209 1 0.4 0.26 0.29 0.04
210 2 0.4 0.26 0.29 0.04
211 0 0.4 0.27 0.2 0.12
212 1 0.4 0.27 0.2 0.12
213 2 0.4 0.27 0.2 0.12
214 0 0.4 0.27 0.21 0.11
215 1 0.4 0.27 0.21 0.11
216 2 0.4 0.27 0.21 0.11
217 0 0.4 0.27 0.22 0.1
218 1 0.4 0.27 0.22 0.1
219 2 0.4 0.27 0.22 0.1
220 0 0.4 0.27 0.23 0.09
221 1 0.4 0.27 0.23 0.09
222 2 0.4 0.27 0.23 0.09
223 0 0.4 0.27 0.24 0.08
224 1 0.4 0.27 0.24 0.08
225 2 0.4 0.27 0.24 0.08
226 0 0.4 0.27 0.25 0.07
227 1 0.4 0.27 0.25 0.07
228 2 0.4 0.27 0.25 0.07
229 0 0.4 0.27 0.26 0.06
230 1 0.4 0.27 0.26 0.06
231 2 0.4 0.27 0.26 0.06
232 0 0.4 0.27 0.27 0.05
233 1 0.4 0.27 0.27 0.05
234 2 0.4 0.27 0.27 0.05
235 0 0.4 0.27 0.28 0.04
236 1 0.4 0.27 0.28 0.04
237 2 0.4 0.27 0.28 0.04
238 0 0.4 0.27 0.29 0.03
239 1 0.4 0.27 0.29 0.03
240 2 0.4 0.27 0.29 0.03
241 0 0.4 0.28 0.2 0.11
242 1 0.4 0.28 0.2 0.11
243 2 0.4 0.28 0.2 0.11
244 0 0.4 0.28 0.21 0.1
245 1 0.4 0.28 0.21 0.1
246 2 0.4 0.28 0.21 0.1
247 0 0.4 0.28 0.22 0.09
248 1 0.4 0.28 0.22 0.09
249 2 0.4 0.28 0.22 0.09
250 0 0.4 0.28 0.23 0.08
251 1 0.4 0.28 0.23 0.08
252 2 0.4 0.28 0.23 0.08
253 0 0.4 0.28 0.24 0.07
254 1 0.4 0.28 0.24 0.07
255 2 0.4 0.28 0.24 0.07
256 0 0.4 0.28 0.25 0.06
257 1 0.4 0.28 0.25 0.06
258 2 0.4 0.28 0.25 0.06
259 0 0.4 0.28 0.26 0.05
260 1 0.4 0.28 0.26 0.05
261 2 0.4 0.28 0.26 0.05
262 0 0.4 0.28 0.27 0.04
263 1 0.4 0.28 0.27 0.04
264 2 0.4 0.28 0.27 0.04
265 0 0.4 0.28 0.28 0.03
266 1 0.4 0.28 0.28 0.03
267 2 0.4 0.28 0.28 0.03
268 0 0.4 0.28 0.29 0.02
269 1 0.4 0.28 0.29 0.02
270 2 0.4 0.28 0.29 0.02
271 0 0.4 0.29 0.2 0.1
272 1 0.4 0.29 0.2 0.1
273 2 0.4 0.29 0.2 0.1
274 0 0.4 0.29 0.21 0.09
275 1 0.4 0.29 0.21 0.09
276 2 0.4 0.29 0.21 0.09
277 0 0.4 0.29 0.22 0.08
278 1 0.4 0.29 0.22 0.08
279 2 0.4 0.29 0.22 0.08
280 0 0.4 0.29 0.23 0.07
281 1 0.4 0.29 0.23 0.07
282 2 0.4 0.29 0.23 0.07
283 0 0.4 0.29 0.24 0.06
284 1 0.4 0.29 0.24 0.06
285 2 0.4 0.29 0.24 0.06
286 0 0.4 0.29 0.25 0.05
287 1 0.4 0.29 0.25 0.05
288 2 0.4 0.29 0.25 0.05
289 0 0.4 0.29 0.26 0.04
290 1 0.4 0.29 0.26 0.04
291 2 0.4 0.29 0.26 0.04
292 0 0.4 0.29 0.27 0.03
293 1 0.4 0.29 0.27 0.03
294 2 0.4 0.29 0.27 0.03
295 0 0.4 0.29 0.28 0.02
296 1 0.4 0.29 0.28 0.02
297 2 0.4 0.29 0.28 0.02
298 0 0.4 0.29 0.29 0.01
299 1 0.4 0.29 0.29 0.01
300 2 0.4 0.29 0.29 0.01
301 0 0.45 0.18 0.18 0.18
302 1 0.45 0.18 0.18 0.18
303 2 0.45 0.18 0.18 0.18
304 0 0.45 0.18 0.19 0.17
305 1 0.45 0.18 0.19 0.17
306 2 0.45 0.18 0.19 0.17
307 0 0.45 0.18 0.2 0.16
308 1 0.45 0.18 0.2 0.16
309 2 0.45 0.18 0.2 0.16
310 0 0.45 0.18 0.21 0.15
311 1 0.45 0.18 0.21 0.15
312 2 0.45 0.18 0.21 0.15
313 0 0.45 0.18 0.22 0.14
314 1 0.45 0.18 0.22 0.14
315 2 0.45 0.18 0.22 0.14
316 0 0.45 0.18 0.23 0.13
317 1 0.45 0.18 0.23 0.13
318 2 0.45 0.18 0.23 0.13
319 0 0.45 0.18 0.24 0.12
320 1 0.45 0.18 0.24 0.12
321 2 0.45 0.18 0.24 0.12
322 0 0.45 0.18 0.25 0.11
323 1 0.45 0.18 0.25 0.11
324 2 0.45 0.18 0.25 0.11
325 0 0.45 0.18 0.26 0.1
326 1 0.45 0.18 0.26 0.1
327 2 0.45 0.18 0.26 0.1
328 0 0.45 0.19 0.18 0.17
329 1 0.45 0.19 0.18 0.17
330 2 0.45 0.19 0.18 0.17
331 0 0.45 0.19 0.19 0.16
332 1 0.45 0.19 0.19 0.16
333 2 0.45 0.19 0.19 0.16
334 0 0.45 0.19 0.2 0.15
335 1 0.45 0.19 0.2 0.15
336 2 0.45 0.19 0.2 0.15
337 0 0.45 0.19 0.21 0.14
338 1 0.45 0.19 0.21 0.14
339 2 0.45 0.19 0.21 0.14
340 0 0.45 0.19 0.22 0.13
341 1 0.45 0.19 0.22 0.13
342 2 0.45 0.19 0.22 0.13
343 0 0.45 0.19 0.23 0.12
344 1 0.45 0.19 0.23 0.12
345 2 0.45 0.19 0.23 0.12
346 0 0.45 0.19 0.24 0.11
347 1 0.45 0.19 0.24 0.11
348 2 0.45 0.19 0.24 0.11
349 0 0.45 0.19 0.25 0.1
350 1 0.45 0.19 0.25 0.1
351 2 0.45 0.19 0.25 0.1
352 0 0.45 0.19 0.26 0.09
353 1 0.45 0.19 0.26 0.09
354 2 0.45 0.19 0.26 0.09
355 0 0.45 0.2 0.18 0.16
356 1 0.45 0.2 0.18 0.16
357 2 0.45 0.2 0.18 0.16
358 0 0.45 0.2 0.19 0.15
359 1 0.45 0.2 0.19 0.15
360 2 0.45 0.2 0.19 0.15
361 0 0.45 0.2 0.2 0.14
362 1 0.45 0.2 0.2 0.14
363 2 0.45 0.2 0.2 0.14
364 0 0.45 0.2 0.21 0.13
365 1 0.45 0.2 0.21 0.13
366 2 0.45 0.2 0.21 0.13
367 0 0.45 0.2 0.22 0.12
368 1 0.45 0.2 0.22 0.12
369 2 0.45 0.2 0.22 0.12
370 0 0.45 0.2 0.23 0.11
371 1 0.45 0.2 0.23 0.11
372 2 0.45 0.2 0.23 0.11
373 0 0.45 0.2 0.24 0.1
374 1 0.45 0.2 0.24 0.1
375 2 0.45 0.2 0.24 0.1
376 0 0.45 0.2 0.25 0.09
377 1 0.45 0.2 0.25 0.09
378 2 0.45 0.2 0.25 0.09
379 0 0.45 0.2 0.26 0.08
380 1 0.45 0.2 0.26 0.08
381 2 0.45 0.2 0.26 0.08
382 0 0.45 0.21 0.18 0.15
383 1 0.45 0.21 0.18 0.15
384 2 0.45 0.21 0.18 0.15
385 0 0.45 0.21 0.19 0.14
386 1 0.45 0.21 0.19 0.14
387 2 0.45 0.21 0.19 0.14
388 0 0.45 0.21 0.2 0.13
389 1 0.45 0.21 0.2 0.13
390 2 0.45 0.21 0.2 0.13
391 0 0.45 0.21 0.21 0.12
392 1 0.45 0.21 0.21 0.12
393 2 0.45 0.21 0.21 0.12
394 0 0.45 0.21 0.22 0.11
395 1 0.45 0.21 0.22 0.11
396 2 0.45 0.21 0.22 0.11
397 0 0.45 0.21 0.23 0.1
398 1 0.45 0.21 0.23 0.1
399 2 0.45 0.21 0.23 0.1
400 0 0.45 0.21 0.24 0.09
401 1 0.45 0.21 0.24 0.09
402 2 0.45 0.21 0.24 0.09
403 0 0.45 0.21 0.25 0.08
404 1 0.45 0.21 0.25 0.08
405 2 0.45 0.21 0.25 0.08
406 0 0.45 0.21 0.26 0.07
407 1 0.45 0.21 0.26 0.07
408 2 0.45 0.21 0.26 0.07
409 0 0.45 0.22 0.18 0.14
410 1 0.45 0.22 0.18 0.14
411 2 0.45 0.22 0.18 0.14
412 0 0.45 0.22 0.19 0.13
413 1 0.45 0.22 0.19 0.13
414 2 0.45 0.22 0.19 0.13
415 0 0.45 0.22 0.2 0.12
416 1 0.45 0.22 0.2 0.12
417 2 0.45 0.22 0.2 0.12
418 0 0.45 0.22 0.21 0.11
419 1 0.45 0.22 0.21 0.11
420 2 0.45 0.22 0.21 0.11
421 0 0.45 0.22 0.22 0.1
422 1 0.45 0.22 0.22 0.1
423 2 0.45 0.22 0.22 0.1
424 0 0.45 0.22 0.23 0.09
425 1 0.45 0.22 0.23 0.09
426 2 0.45 0.22 0.23 0.09
427 0 0.45 0.22 0.24 0.08
428 1 0.45 0.22 0.24 0.08
429 2 0.45 0.22 0.24 0.08
430 0 0.45 0.22 0.25 0.07
431 1 0.45 0.22 0.25 0.07
432 2 0.45 0.22 0.25 0.07
433 0 0.45 0.22 0.26 0.06
434 1 0.45 0.22 0.26 0.06
435 2 0.45 0.22 0.26 0.06
436 0 0.45 0.23 0.18 0.13
437 1 0.45 0.23 0.18 0.13
438 2 0.45 0.23 0.18 0.13
439 0 0.45 0.23 0.19 0.12
440 1 0.45 0.23 0.19 0.12
441 2 0.45 0.23 0.19 0.12
442 0 0.45 0.23 0.2 0.11
443 1 0.45 0.23 0.2 0.11
444 2 0.45 0.23 0.2 0.11
445 0 0.45 0.23 0.21 0.1
446 1 0.45 0.23 0.21 0.1
447 2 0.45 0.23 0.21 0.1
448 0 0.45 0.23 0.22 0.09
449 1 0.45 0.23 0.22 0.09
450 2 0.45 0.23 0.22 0.09
451 0 0.45 0.23 0.23 0.08
452 1 0.45 0.23 0.23 0.08
453 2 0.45 0.23 0.23 0.08
454 0 0.45 0.23 0.24 0.07
455 1 0.45 0.23 0.24 0.07
456 2 0.45 0.23 0.24 0.07
457 0 0.45 0.23 0.25 0.06
458 1 0.45 0.23 0.25 0.06
459 2 0.45 0.23 0.25 0.06
460 0 0.45 0.23 0.26 0.05
461 1 0.45 0.23 0.26 0.05
462 2 0.45 0.23 0.26 0.05
463 0 0.45 0.24 0.18 0.12
464 1 0.45 0.24 0.18 0.12
465 2 0.45 0.24 0.18 0.12
466 0 0.45 0.24 0.19 0.11
467 1 0.45 0.24 0.19 0.11
468 2 0.45 0.24 0.19 0.11
469 0 0.45 0.24 0.2 0.1
470 1 0.45 0.24 0.2 0.1
471 2 0.45 0.24 0.2 0.1
472 0 0.45 0.24 0.21 0.09
473 1 0.45 0.24 0.21 0.09
474 2 0.45 0.24 0.21 0.09
475 0 0.45 0.24 0.22 0.08
476 1 0.45 0.24 0.22 0.08
477 2 0.45 0.24 0.22 0.08
478 0 0.45 0.24 0.23 0.07
479 1 0.45 0.24 0.23 0.07
480 2 0.45 0.24 0.23 0.07
481 0 0.45 0.24 0.24 0.06
482 1 0.45 0.24 0.24 0.06
483 2 0.45 0.24 0.24 0.06
484 0 0.45 0.24 0.25 0.05
485 1 0.45 0.24 0.25 0.05
486 2 0.45 0.24 0.25 0.05
487 0 0.45 0.24 0.26 0.04
488 1 0.45 0.24 0.26 0.04
489 2 0.45 0.24 0.26 0.04
490 0 0.45 0.25 0.18 0.11
491 1 0.45 0.25 0.18 0.11
492 2 0.45 0.25 0.18 0.11
493 0 0.45 0.25 0.19 0.1
494 1 0.45 0.25 0.19 0.1
495 2 0.45 0.25 0.19 0.1
496 0 0.45 0.25 0.2 0.09
497 1 0.45 0.25 0.2 0.09
498 2 0.45 0.25 0.2 0.09
499 0 0.45 0.25 0.21 0.08
500 1 0.45 0.25 0.21 0.08
501 2 0.45 0.25 0.21 0.08
502 0 0.45 0.25 0.22 0.07
503 1 0.45 0.25 0.22 0.07
504 2 0.45 0.25 0.22 0.07
505 0 0.45 0.25 0.23 0.06
506 1 0.45 0.25 0.23 0.06
507 2 0.45 0.25 0.23 0.06
508 0 0.45 0.25 0.24 0.05
509 1 0.45 0.25 0.24 0.05
510 2 0.45 0.25 0.24 0.05
511 0 0.45 0.25 0.25 0.04
512 1 0.45 0.25 0.25 0.04
513 2 0.45 0.25 0.25 0.04
514 0 0.45 0.25 0.26 0.03
515 1 0.45 0.25 0.26 0.03
516 2 0.45 0.25 0.26 0.03
517 0 0.45 0.26 0.18 0.1
518 1 0.45 0.26 0.18 0.1
519 2 0.45 0.26 0.18 0.1
520 0 0.45 0.26 0.19 0.09
521 1 0.45 0.26 0.19 0.09
522 2 0.45 0.26 0.19 0.09
523 0 0.45 0.26 0.2 0.08
524 1 0.45 0.26 0.2 0.08
525 2 0.45 0.26 0.2 0.08
526 0 0.45 0.26 0.21 0.07
527 1 0.45 0.26 0.21 0.07
528 2 0.45 0.26 0.21 0.07
529 0 0.45 0.26 0.22 0.06
530 1 0.45 0.26 0.22 0.06
531 2 0.45 0.26 0.22 0.06
532 0 0.45 0.26 0.23 0.05
533 1 0.45 0.26 0.23 0.05
534 2 0.45 0.26 0.23 0.05
535 0 0.45 0.26 0.24 0.04
536 1 0.45 0.26 0.24 0.04
537 2 0.45 0.26 0.24 0.04
538 0 0.45 0.26 0.25 0.03
539 1 0.45 0.26 0.25 0.03
540 2 0.45 0.26 0.25 0.03
541 0 0.45 0.26 0.26 0.02
542 1 0.45 0.26 0.26 0.02
543 2 0.45 0.26 0.26 0.02
544 0 0.5 0.16 0.16 0.17
545 1 0.5 0.16 0.16 0.17
546 2 0.5 0.16 0.16 0.17
547 0 0.5 0.16 0.17 0.16
548 1 0.5 0.16 0.17 0.16
549 2 0.5 0.16 0.17 0.16
550 0 0.5 0.16 0.18 0.15
551 1 0.5 0.16 0.18 0.15
552 2 0.5 0.16 0.18 0.15
553 0 0.5 0.16 0.19 0.14
554 1 0.5 0.16 0.19 0.14
555 2 0.5 0.16 0.19 0.14
556 0 0.5 0.16 0.2 0.13
557 1 0.5 0.16 0.2 0.13
558 2 0.5 0.16 0.2 0.13
559 0 0.5 0.16 0.21 0.12
560 1 0.5 0.16 0.21 0.12
561 2 0.5 0.16 0.21 0.12
562 0 0.5 0.16 0.22 0.11
563 1 0.5 0.16 0.22 0.11
564 2 0.5 0.16 0.22 0.11
565 0 0.5 0.16 0.23 0.1
566 1 0.5 0.16 0.23 0.1
567 2 0.5 0.16 0.23 0.1
568 0 0.5 0.16 0.24 0.09
569 1 0.5 0.16 0.24 0.09
570 2 0.5 0.16 0.24 0.09
571 0 0.5 0.17 0.16 0.16
572 1 0.5 0.17 0.16 0.16
573 2 0.5 0.17 0.16 0.16
574 0 0.5 0.17 0.17 0.15
575 1 0.5 0.17 0.17 0.15
576 2 0.5 0.17 0.17 0.15
577 0 0.5 0.17 0.18 0.14
578 1 0.5 0.17 0.18 0.14
579 2 0.5 0.17 0.18 0.14
580 0 0.5 0.17 0.19 0.13
581 1 0.5 0.17 0.19 0.13
582 2 0.5 0.17 0.19 0.13
583 0 0.5 0.17 0.2 0.12
584 1 0.5 0.17 0.2 0.12
585 2 0.5 0.17 0.2 0.12
586 0 0.5 0.17 0.21 0.11
587 1 0.5 0.17 0.21 0.11
588 2 0.5 0.17 0.21 0.11
589 0 0.5 0.17 0.22 0.1
590 1 0.5 0.17 0.22 0.1
591 2 0.5 0.17 0.22 0.1
592 0 0.5 0.17 0.23 0.09
593 1 0.5 0.17 0.23 0.09
594 2 0.5 0.17 0.23 0.09
595 0 0.5 0.17 0.24 0.08
596 1 0.5 0.17 0.24 0.08
597 2 0.5 0.17 0.24 0.08
598 0 0.5 0.18 0.16 0.15
599 1 0.5 0.18 0.16 0.15
600 2 0.5 0.18 0.16 0.15
601 0 0.5 0.18 0.17 0.14
602 1 0.5 0.18 0.17 0.14
603 2 0.5 0.18 0.17 0.14
604 0 0.5 0.18 0.18 0.13
605 1 0.5 0.18 0.18 0.13
606 2 0.5 0.18 0.18 0.13
607 0 0.5 0.18 0.19 0.12
608 1 0.5 0.18 0.19 0.12
609 2 0.5 0.18 0.19 0.12
610 0 0.5 0.18 0.2 0.11
611 1 0.5 0.18 0.2 0.11
612 2 0.5 0.18 0.2 0.11
613 0 0.5 0.18 0.21 0.1
614 1 0.5 0.18 0.21 0.1
615 2 0.5 0.18 0.21 0.1
616 0 0.5 0.18 0.22 0.09
617 1 0.5 0.18 0.22 0.09
618 2 0.5 0.18 0.22 0.09
619 0 0.5 0.18 0.23 0.08
620 1 0.5 0.18 0.23 0.08
621 2 0.5 0.18 0.23 0.08
622 0 0.5 0.18 0.24 0.07
623 1 0.5 0.18 0.24 0.07
624 2 0.5 0.18 0.24 0.07
625 0 0.5 0.19 0.16 0.14
626 1 0.5 0.19 0.16 0.14
627 2 0.5 0.19 0.16 0.14
628 0 0.5 0.19 0.17 0.13
629 1 0.5 0.19 0.17 0.13
630 2 0.5 0.19 0.17 0.13
631 0 0.5 0.19 0.18 0.12
632 1 0.5 0.19 0.18 0.12
633 2 0.5 0.19 0.18 0.12
634 0 0.5 0.19 0.19 0.11
635 1 0.5 0.19 0.19 0.11
636 2 0.5 0.19 0.19 0.11
637 0 0.5 0.19 0.2 0.1
638 1 0.5 0.19 0.2 0.1
639 2 0.5 0.19 0.2 0.1
640 0 0.5 0.19 0.21 0.09
641 1 0.5 0.19 0.21 0.09
642 2 0.5 0.19 0.21 0.09
643 0 0.5 0.19 0.22 0.08
644 1 0.5 0.19 0.22 0.08
645 2 0.5 0.19 0.22 0.08
646 0 0.5 0.19 0.23 0.07
647 1 0.5 0.19 0.23 0.07
648 2 0.5 0.19 0.23 0.07
649 0 0.5 0.19 0.24 0.06
650 1 0.5 0.19 0.24 0.06
651 2 0.5 0.19 0.24 0.06
652 0 0.5 0.2 0.16 0.13
653 1 0.5 0.2 0.16 0.13
654 2 0.5 0.2 0.16 0.13
655 0 0.5 0.2 0.17 0.12
656 1 0.5 0.2 0.17 0.12
657 2 0.5 0.2 0.17 0.12
658 0 0.5 0.2 0.18 0.11
659 1 0.5 0.2 0.18 0.11
660 2 0.5 0.2 0.18 0.11
661 0 0.5 0.2 0.19 0.1
662 1 0.5 0.2 0.19 0.1
663 2 0.5 0.2 0.19 0.1
664 0 0.5 0.2 0.2 0.09
665 1 0.5 0.2 0.2 0.09
666 2 0.5 0.2 0.2 0.09
667 0 0.5 0.2 0.21 0.08
668 1 0.5 0.2 0.21 0.08
669 2 0.5 0.2 0.21 0.08
670 0 0.5 0.2 0.22 0.07
671 1 0.5 0.2 0.22 0.07
672 2 0.5 0.2 0.22 0.07
673 0 0.5 0.2 0.23 0.06
674 1 0.5 0.2 0.23 0.06
675 2 0.5 0.2 0.23 0.06
676 0 0.5 0.2 0.24 0.05
677 1 0.5 0.2 0.24 0.05
678 2 0.5 0.2 0.24 0.05
679 0 0.5 0.21 0.16 0.12
680 1 0.5 0.21 0.16 0.12
681 2 0.5 0.21 0.16 0.12
682 0 0.5 0.21 0.17 0.11
683 1 0.5 0.21 0.17 0.11
684 2 0.5 0.21 0.17 0.11
685 0 0.5 0.21 0.18 0.1
686 1 0.5 0.21 0.18 0.1
687 2 0.5 0.21 0.18 0.1
688 0 0.5 0.21 0.19 0.09
689 1 0.5 0.21 0.19 0.09
690 2 0.5 0.21 0.19 0.09
691 0 0.5 0.21 0.2 0.08
692 1 0.5 0.21 0.2 0.08
693 2 0.5 0.21 0.2 0.08
694 0 0.5 0.21 0.21 0.07
695 1 0.5 0.21 0.21 0.07
696 2 0.5 0.21 0.21 0.07
697 0 0.5 0.21 0.22 0.06
698 1 0.5 0.21 0.22 0.06
699 2 0.5 0.21 0.22 0.06
700 0 0.5 0.21 0.23 0.05
701 1 0.5 0.21 0.23 0.05
702 2 0.5 0.21 0.23 0.05
703 0 0.5 0.21 0.24 0.04
704 1 0.5 0.21 0.24 0.04
705 2 0.5 0.21 0.24 0.04
706 0 0.5 0.22 0.16 0.11
707 1 0.5 0.22 0.16 0.11
708 2 0.5 0.22 0.16 0.11
709 0 0.5 0.22 0.17 0.1
710 1 0.5 0.22 0.17 0.1
711 2 0.5 0.22 0.17 0.1
712 0 0.5 0.22 0.18 0.09
713 1 0.5 0.22 0.18 0.09
714 2 0.5 0.22 0.18 0.09
715 0 0.5 0.22 0.19 0.08
716 1 0.5 0.22 0.19 0.08
717 2 0.5 0.22 0.19 0.08
718 0 0.5 0.22 0.2 0.07
719 1 0.5 0.22 0.2 0.07
720 2 0.5 0.22 0.2 0.07
721 0 0.5 0.22 0.21 0.06
722 1 0.5 0.22 0.21 0.06
723 2 0.5 0.22 0.21 0.06
724 0 0.5 0.22 0.22 0.05
725 1 0.5 0.22 0.22 0.05
726 2 0.5 0.22 0.22 0.05
727 0 0.5 0.22 0.23 0.04
728 1 0.5 0.22 0.23 0.04
729 2 0.5 0.22 0.23 0.04
730 0 0.5 0.22 0.24 0.03
731 1 0.5 0.22 0.24 0.03
732 2 0.5 0.22 0.24 0.03
733 0 0.5 0.23 0.16 0.1
734 1 0.5 0.23 0.16 0.1
735 2 0.5 0.23 0.16 0.1
736 0 0.5 0.23 0.17 0.09
737 1 0.5 0.23 0.17 0.09
738 2 0.5 0.23 0.17 0.09
739 0 0.5 0.23 0.18 0.08
740 1 0.5 0.23 0.18 0.08
741 2 0.5 0.23 0.18 0.08
742 0 0.5 0.23 0.19 0.07
743 1 0.5 0.23 0.19 0.07
744 2 0.5 0.23 0.19 0.07
745 0 0.5 0.23 0.2 0.06
746 1 0.5 0.23 0.2 0.06
747 2 0.5 0.23 0.2 0.06
748 0 0.5 0.23 0.21 0.05
749 1 0.5 0.23 0.21 0.05
750 2 0.5 0.23 0.21 0.05
751 0 0.5 0.23 0.22 0.04
752 1 0.5 0.23 0.22 0.04
753 2 0.5 0.23 0.22 0.04
754 0 0.5 0.23 0.23 0.03
755 1 0.5 0.23 0.23 0.03
756 2 0.5 0.23 0.23 0.03
757 0 0.5 0.23 0.24 0.02
758 1 0.5 0.23 0.24 0.02
759 2 0.5 0.23 0.24 0.02
760 0 0.5 0.24 0.16 0.09
761 1 0.5 0.24 0.16 0.09
762 2 0.5 0.24 0.16 0.09
763 0 0.5 0.24 0.17 0.08
764 1 0.5 0.24 0.17 0.08
765 2 0.5 0.24 0.17 0.08
766 0 0.5 0.24 0.18 0.07
767 1 0.5 0.24 0.18 0.07
768 2 0.5 0.24 0.18 0.07
769 0 0.5 0.24 0.19 0.06
770 1 0.5 0.24 0.19 0.06
771 2 0.5 0.24 0.19 0.06
772 0 0.5 0.24 0.2 0.05
773 1 0.5 0.24 0.2 0.05
774 2 0.5 0.24 0.2 0.05
775 0 0.5 0.24 0.21 0.04
776 1 0.5 0.24 0.21 0.04
777 2 0.5 0.24 0.21 0.04
778 0 0.5 0.24 0.22 0.03
779 1 0.5 0.24 0.22 0.03
780 2 0.5 0.24 0.22 0.03
781 0 0.5 0.24 0.23 0.02
782 1 0.5 0.24 0.23 0.02
783 2 0.5 0.24 0.23 0.02
784 0 0.5 0.24 0.24 0.01
785 1 0.5 0.24 0.24 0.01
786 2 0.5 0.24 0.24 0.01
787 0 0.55 0.15 0.15 0.14
788 1 0.55 0.15 0.15 0.14
789 2 0.55 0.15 0.15 0.14
790 0 0.55 0.15 0.16 0.13
791 1 0.55 0.15 0.16 0.13
792 2 0.55 0.15 0.16 0.13
793 0 0.55 0.15 0.17 0.12
794 1 0.55 0.15 0.17 0.12
795 2 0.55 0.15 0.17 0.12
796 0 0.55 0.15 0.18 0.11
797 1 0.55 0.15 0.18 0.11
798 2 0.55 0.15 0.18 0.11
799 0 0.55 0.15 0.19 0.1
800 1 0.55 0.15 0.19 0.1
801 2 0.55 0.15 0.19 0.1
802 0 0.55 0.15 0.2 0.09
803 1 0.55 0.15 0.2 0.09
804 2 0.55 0.15 0.2 0.09
805 0 0.55 0.15 0.21 0.08
806 1 0.55 0.15 0.21 0.08
807 2 0.55 0.15 0.21 0.08
808 0 0.55 0.15 0.22 0.07
809 1 0.55 0.15 0.22 0.07
810 2 0.55 0.15 0.22 0.07
811 0 0.55 0.16 0.15 0.13
812 1 0.55 0.16 0.15 0.13
813 2 0.55 0.16 0.15 0.13
814 0 0.55 0.16 0.16 0.12
815 1 0.55 0.16 0.16 0.12
816 2 0.55 0.16 0.16 0.12
817 0 0.55 0.16 0.17 0.11
818 1 0.55 0.16 0.17 0.11
819 2 0.55 0.16 0.17 0.11
820 0 0.55 0.16 0.18 0.1
821 1 0.55 0.16 0.18 0.1
822 2 0.55 0.16 0.18 0.1
823 0 0.55 0.16 0.19 0.09
824 1 0.55 0.16 0.19 0.09
825 2 0.55 0.16 0.19 0.09
826 0 0.55 0.16 0.2 0.08
827 1 0.55 0.16 0.2 0.08
828 2 0.55 0.16 0.2 0.08
829 0 0.55 0.16 0.21 0.07
830 1 0.55 0.16 0.21 0.07
831 2 0.55 0.16 0.21 0.07
832 0 0.55 0.16 0.22 0.06
833 1 0.55 0.16 0.22 0.06
834 2 0.55 0.16 0.22 0.06
835 0 0.55 0.17 0.15 0.12
836 1 0.55 0.17 0.15 0.12
837 2 0.55 0.17 0.15 0.12
838 0 0.55 0.17 0.16 0.11
839 1 0.55 0.17 0.16 0.11
840 2 0.55 0.17 0.16 0.11
841 0 0.55 0.17 0.17 0.1
842 1 0.55 0.17 0.17 0.1
843 2 0.55 0.17 0.17 0.1
844 0 0.55 0.17 0.18 0.09
845 1 0.55 0.17 0.18 0.09
846 2 0.55 0.17 0.18 0.09
847 0 0.55 0.17 0.19 0.08
848 1 0.55 0.17 0.19 0.08
849 2 0.55 0.17 0.19 0.08
850 0 0.55 0.17 0.2 0.07
851 1 0.55 0.17 0.2 0.07
852 2 0.55 0.17 0.2 0.07
853 0 0.55 0.17 0.21 0.06
854 1 0.55 0.17 0.21 0.06
855 2 0.55 0.17 0.21 0.06
856 0 0.55 0.17 0.22 0.05
857 1 0.55 0.17 0.22 0.05
858 2 0.55 0.17 0.22 0.05
859 0 0.55 0.18 0.15 0.11
860 1 0.55 0.18 0.15 0.11
861 2 0.55 0.18 0.15 0.11
862 0 0.55 0.18 0.16 0.1
863 1 0.55 0.18 0.16 0.1
864 2 0.55 0.18 0.16 0.1
865 0 0.55 0.18 0.17 0.09
866 1 0.55 0.18 0.17 0.09
867 2 0.55 0.18 0.17 0.09
868 0 0.55 0.18 0.18 0.08
869 1 0.55 0.18 0.18 0.08
870 2 0.55 0.18 0.18 0.08
871 0 0.55 0.18 0.19 0.07
872 1 0.55 0.18 0.19 0.07
873 2 0.55 0.18 0.19 0.07
874 0 0.55 0.18 0.2 0.06
875 1 0.55 0.18 0.2 0.06
876 2 0.55 0.18 0.2 0.06
877 0 0.55 0.18 0.21 0.05
878 1 0.55 0.18 0.21 0.05
879 2 0.55 0.18 0.21 0.05
880 0 0.55 0.18 0.22 0.04
881 1 0.55 0.18 0.22 0.04
882 2 0.55 0.18 0.22 0.04
883 0 0.55 0.19 0.15 0.1
884 1 0.55 0.19 0.15 0.1
885 2 0.55 0.19 0.15 0.1
886 0 0.55 0.19 0.16 0.09
887 1 0.55 0.19 0.16 0.09
888 2 0.55 0.19 0.16 0.09
889 0 0.55 0.19 0.17 0.08
890 1 0.55 0.19 0.17 0.08
891 2 0.55 0.19 0.17 0.08
892 0 0.55 0.19 0.18 0.07
893 1 0.55 0.19 0.18 0.07
894 2 0.55 0.19 0.18 0.07
895 0 0.55 0.19 0.19 0.06
896 1 0.55 0.19 0.19 0.06
897 2 0.55 0.19 0.19 0.06
898 0 0.55 0.19 0.2 0.05
899 1 0.55 0.19 0.2 0.05
900 2 0.55 0.19 0.2 0.05
901 0 0.55 0.19 0.21 0.04
902 1 0.55 0.19 0.21 0.04
903 2 0.55 0.19 0.21 0.04
904 0 0.55 0.19 0.22 0.03
905 1 0.55 0.19 0.22 0.03
906 2 0.55 0.19 0.22 0.03
907 0 0.55 0.2 0.15 0.09
908 1 0.55 0.2 0.15 0.09
909 2 0.55 0.2 0.15 0.09
910 0 0.55 0.2 0.16 0.08
911 1 0.55 0.2 0.16 0.08
912 2 0.55 0.2 0.16 0.08
913 0 0.55 0.2 0.17 0.07
914 1 0.55 0.2 0.17 0.07
915 2 0.55 0.2 0.17 0.07
916 0 0.55 0.2 0.18 0.06
917 1 0.55 0.2 0.18 0.06
918 2 0.55 0.2 0.18 0.06
919 0 0.55 0.2 0.19 0.05
920 1 0.55 0.2 0.19 0.05
921 2 0.55 0.2 0.19 0.05
922 0 0.55 0.2 0.2 0.04
923 1 0.55 0.2 0.2 0.04
924 2 0.55 0.2 0.2 0.04
925 0 0.55 0.2 0.21 0.03
926 1 0.55 0.2 0.21 0.03
927 2 0.55 0.2 0.21 0.03
928 0 0.55 0.2 0.22 0.02
929 1 0.55 0.2 0.22 0.02
930 2 0.55 0.2 0.22 0.02
931 0 0.55 0.21 0.15 0.08
932 1 0.55 0.21 0.15 0.08
933 2 0.55 0.21 0.15 0.08
934 0 0.55 0.21 0.16 0.07
935 1 0.55 0.21 0.16 0.07
936 2 0.55 0.21 0.16 0.07
937 0 0.55 0.21 0.17 0.06
938 1 0.55 0.21 0.17 0.06
939 2 0.55 0.21 0.17 0.06
940 0 0.55 0.21 0.18 0.05
941 1 0.55 0.21 0.18 0.05
942 2 0.55 0.21 0.18 0.05
943 0 0.55 0.21 0.19 0.04
944 1 0.55 0.21 0.19 0.04
945 2 0.55 0.21 0.19 0.04
946 0 0.55 0.21 0.2 0.03
947 1 0.55 0.21 0.2 0.03
948 2 0.55 0.21 0.2 0.03
949 0 0.55 0.21 0.21 0.02
950 1 0.55 0.21 0.21 0.02
951 2 0.55 0.21 0.21 0.02
952 0 0.55 0.21 0.22 0.01
953 1 0.55 0.21 0.22 0.01
954 2 0.55 0.21 0.22 0.01
955 0 0.55 0.22 0.15 0.07
956 1 0.55 0.22 0.15 0.07
957 2 0.55 0.22 0.15 0.07
958 0 0.55 0.22 0.16 0.06
959 1 0.55 0.22 0.16 0.06
960 2 0.55 0.22 0.16 0.06
961 0 0.55 0.22 0.17 0.05
962 1 0.55 0.22 0.17 0.05
963 2 0.55 0.22 0.17 0.05
964 0 0.55 0.22 0.18 0.04
965 1 0.55 0.22 0.18 0.04
966 2 0.55 0.22 0.18 0.04
967 0 0.55 0.22 0.19 0.03
968 1 0.55 0.22 0.19 0.03
969 2 0.55 0.22 0.19 0.03
970 0 0.55 0.22 0.2 0.02
971 1 0.55 0.22 0.2 0.02
972 2 0.55 0.22 0.2 0.02
973 0 0.55 0.22 0.21 0.01
974 1 0.55 0.22 0.21 0.01
975 2 0.55 0.22 0.21 0.01
976 0 0.55 0.22 0.22 -0.0
977 1 0.55 0.22 0.22 -0.0
978 2 0.55 0.22 0.22 -0.0
979 0 0.6 0.13 0.13 0.13
980 1 0.6 0.13 0.13 0.13
981 2 0.6 0.13 0.13 0.13
982 0 0.6 0.13 0.14 0.12
983 1 0.6 0.13 0.14 0.12
984 2 0.6 0.13 0.14 0.12
985 0 0.6 0.13 0.15 0.11
986 1 0.6 0.13 0.15 0.11
987 2 0.6 0.13 0.15 0.11
988 0 0.6 0.13 0.16 0.1
989 1 0.6 0.13 0.16 0.1
990 2 0.6 0.13 0.16 0.1
991 0 0.6 0.13 0.17 0.09
992 1 0.6 0.13 0.17 0.09
993 2 0.6 0.13 0.17 0.09
994 0 0.6 0.13 0.18 0.08
995 1 0.6 0.13 0.18 0.08
996 2 0.6 0.13 0.18 0.08
997 0 0.6 0.13 0.19 0.07
998 1 0.6 0.13 0.19 0.07
999 2 0.6 0.13 0.19 0.07
1000 0 0.6 0.14 0.13 0.12
1001 1 0.6 0.14 0.13 0.12
1002 2 0.6 0.14 0.13 0.12
1003 0 0.6 0.14 0.14 0.11
1004 1 0.6 0.14 0.14 0.11
1005 2 0.6 0.14 0.14 0.11
1006 0 0.6 0.14 0.15 0.1
1007 1 0.6 0.14 0.15 0.1
1008 2 0.6 0.14 0.15 0.1
1009 0 0.6 0.14 0.16 0.09
1010 1 0.6 0.14 0.16 0.09
1011 2 0.6 0.14 0.16 0.09
1012 0 0.6 0.14 0.17 0.08
1013 1 0.6 0.14 0.17 0.08
1014 2 0.6 0.14 0.17 0.08
1015 0 0.6 0.14 0.18 0.07
1016 1 0.6 0.14 0.18 0.07
1017 2 0.6 0.14 0.18 0.07
1018 0 0.6 0.14 0.19 0.06
1019 1 0.6 0.14 0.19 0.06
1020 2 0.6 0.14 0.19 0.06
1021 0 0.6 0.15 0.13 0.11
1022 1 0.6 0.15 0.13 0.11
1023 2 0.6 0.15 0.13 0.11
1024 0 0.6 0.15 0.14 0.1
1025 1 0.6 0.15 0.14 0.1
1026 2 0.6 0.15 0.14 0.1
1027 0 0.6 0.15 0.15 0.09
1028 1 0.6 0.15 0.15 0.09
1029 2 0.6 0.15 0.15 0.09
1030 0 0.6 0.15 0.16 0.08
1031 1 0.6 0.15 0.16 0.08
1032 2 0.6 0.15 0.16 0.08
1033 0 0.6 0.15 0.17 0.07
1034 1 0.6 0.15 0.17 0.07
1035 2 0.6 0.15 0.17 0.07
1036 0 0.6 0.15 0.18 0.06
1037 1 0.6 0.15 0.18 0.06
1038 2 0.6 0.15 0.18 0.06
1039 0 0.6 0.15 0.19 0.05
1040 1 0.6 0.15 0.19 0.05
1041 2 0.6 0.15 0.19 0.05
1042 0 0.6 0.16 0.13 0.1
1043 1 0.6 0.16 0.13 0.1
1044 2 0.6 0.16 0.13 0.1
1045 0 0.6 0.16 0.14 0.09
1046 1 0.6 0.16 0.14 0.09
1047 2 0.6 0.16 0.14 0.09
1048 0 0.6 0.16 0.15 0.08
1049 1 0.6 0.16 0.15 0.08
1050 2 0.6 0.16 0.15 0.08
1051 0 0.6 0.16 0.16 0.07
1052 1 0.6 0.16 0.16 0.07
1053 2 0.6 0.16 0.16 0.07
1054 0 0.6 0.16 0.17 0.06
1055 1 0.6 0.16 0.17 0.06
1056 2 0.6 0.16 0.17 0.06
1057 0 0.6 0.16 0.18 0.05
1058 1 0.6 0.16 0.18 0.05
1059 2 0.6 0.16 0.18 0.05
1060 0 0.6 0.16 0.19 0.04
1061 1 0.6 0.16 0.19 0.04
1062 2 0.6 0.16 0.19 0.04
1063 0 0.6 0.17 0.13 0.09
1064 1 0.6 0.17 0.13 0.09
1065 2 0.6 0.17 0.13 0.09
1066 0 0.6 0.17 0.14 0.08
1067 1 0.6 0.17 0.14 0.08
1068 2 0.6 0.17 0.14 0.08
1069 0 0.6 0.17 0.15 0.07
1070 1 0.6 0.17 0.15 0.07
1071 2 0.6 0.17 0.15 0.07
1072 0 0.6 0.17 0.16 0.06
1073 1 0.6 0.17 0.16 0.06
1074 2 0.6 0.17 0.16 0.06
1075 0 0.6 0.17 0.17 0.05
1076 1 0.6 0.17 0.17 0.05
1077 2 0.6 0.17 0.17 0.05
1078 0 0.6 0.17 0.18 0.04
1079 1 0.6 0.17 0.18 0.04
1080 2 0.6 0.17 0.18 0.04
1081 0 0.6 0.17 0.19 0.03
1082 1 0.6 0.17 0.19 0.03
1083 2 0.6 0.17 0.19 0.03
1084 0 0.6 0.18 0.13 0.08
1085 1 0.6 0.18 0.13 0.08
1086 2 0.6 0.18 0.13 0.08
1087 0 0.6 0.18 0.14 0.07
1088 1 0.6 0.18 0.14 0.07
1089 2 0.6 0.18 0.14 0.07
1090 0 0.6 0.18 0.15 0.06
1091 1 0.6 0.18 0.15 0.06
1092 2 0.6 0.18 0.15 0.06
1093 0 0.6 0.18 0.16 0.05
1094 1 0.6 0.18 0.16 0.05
1095 2 0.6 0.18 0.16 0.05
1096 0 0.6 0.18 0.17 0.04
1097 1 0.6 0.18 0.17 0.04
1098 2 0.6 0.18 0.17 0.04
1099 0 0.6 0.18 0.18 0.03
1100 1 0.6 0.18 0.18 0.03
1101 2 0.6 0.18 0.18 0.03
1102 0 0.6 0.18 0.19 0.02
1103 1 0.6 0.18 0.19 0.02
1104 2 0.6 0.18 0.19 0.02
1105 0 0.6 0.19 0.13 0.07
1106 1 0.6 0.19 0.13 0.07
1107 2 0.6 0.19 0.13 0.07
1108 0 0.6 0.19 0.14 0.06
1109 1 0.6 0.19 0.14 0.06
1110 2 0.6 0.19 0.14 0.06
1111 0 0.6 0.19 0.15 0.05
1112 1 0.6 0.19 0.15 0.05
1113 2 0.6 0.19 0.15 0.05
1114 0 0.6 0.19 0.16 0.04
1115 1 0.6 0.19 0.16 0.04
1116 2 0.6 0.19 0.16 0.04
1117 0 0.6 0.19 0.17 0.03
1118 1 0.6 0.19 0.17 0.03
1119 2 0.6 0.19 0.17 0.03
1120 0 0.6 0.19 0.18 0.02
1121 1 0.6 0.19 0.18 0.02
1122 2 0.6 0.19 0.18 0.02
1123 0 0.6 0.19 0.19 0.01
1124 1 0.6 0.19 0.19 0.01
1125 2 0.6 0.19 0.19 0.01
1126 0 0.65 0.11 0.11 0.12
1127 1 0.65 0.11 0.11 0.12
1128 2 0.65 0.11 0.11 0.12
1129 0 0.65 0.11 0.12 0.11
1130 1 0.65 0.11 0.12 0.11
1131 2 0.65 0.11 0.12 0.11
1132 0 0.65 0.11 0.13 0.1
1133 1 0.65 0.11 0.13 0.1
1134 2 0.65 0.11 0.13 0.1
1135 0 0.65 0.11 0.14 0.09
1136 1 0.65 0.11 0.14 0.09
1137 2 0.65 0.11 0.14 0.09
1138 0 0.65 0.11 0.15 0.08
1139 1 0.65 0.11 0.15 0.08
1140 2 0.65 0.11 0.15 0.08
1141 0 0.65 0.11 0.16 0.07
1142 1 0.65 0.11 0.16 0.07
1143 2 0.65 0.11 0.16 0.07
1144 0 0.65 0.12 0.11 0.11
1145 1 0.65 0.12 0.11 0.11
1146 2 0.65 0.12 0.11 0.11
1147 0 0.65 0.12 0.12 0.1
1148 1 0.65 0.12 0.12 0.1
1149 2 0.65 0.12 0.12 0.1
1150 0 0.65 0.12 0.13 0.09
1151 1 0.65 0.12 0.13 0.09
1152 2 0.65 0.12 0.13 0.09
1153 0 0.65 0.12 0.14 0.08
1154 1 0.65 0.12 0.14 0.08
1155 2 0.65 0.12 0.14 0.08
1156 0 0.65 0.12 0.15 0.07
1157 1 0.65 0.12 0.15 0.07
1158 2 0.65 0.12 0.15 0.07
1159 0 0.65 0.12 0.16 0.06
1160 1 0.65 0.12 0.16 0.06
1161 2 0.65 0.12 0.16 0.06
1162 0 0.65 0.13 0.11 0.1
1163 1 0.65 0.13 0.11 0.1
1164 2 0.65 0.13 0.11 0.1
1165 0 0.65 0.13 0.12 0.09
1166 1 0.65 0.13 0.12 0.09
1167 2 0.65 0.13 0.12 0.09
1168 0 0.65 0.13 0.13 0.08
1169 1 0.65 0.13 0.13 0.08
1170 2 0.65 0.13 0.13 0.08
1171 0 0.65 0.13 0.14 0.07
1172 1 0.65 0.13 0.14 0.07
1173 2 0.65 0.13 0.14 0.07
1174 0 0.65 0.13 0.15 0.06
1175 1 0.65 0.13 0.15 0.06
1176 2 0.65 0.13 0.15 0.06
1177 0 0.65 0.13 0.16 0.05
1178 1 0.65 0.13 0.16 0.05
1179 2 0.65 0.13 0.16 0.05
1180 0 0.65 0.14 0.11 0.09
1181 1 0.65 0.14 0.11 0.09
1182 2 0.65 0.14 0.11 0.09
1183 0 0.65 0.14 0.12 0.08
1184 1 0.65 0.14 0.12 0.08
1185 2 0.65 0.14 0.12 0.08
1186 0 0.65 0.14 0.13 0.07
1187 1 0.65 0.14 0.13 0.07
1188 2 0.65 0.14 0.13 0.07
1189 0 0.65 0.14 0.14 0.06
1190 1 0.65 0.14 0.14 0.06
1191 2 0.65 0.14 0.14 0.06
1192 0 0.65 0.14 0.15 0.05
1193 1 0.65 0.14 0.15 0.05
1194 2 0.65 0.14 0.15 0.05
1195 0 0.65 0.14 0.16 0.04
1196 1 0.65 0.14 0.16 0.04
1197 2 0.65 0.14 0.16 0.04
1198 0 0.65 0.15 0.11 0.08
1199 1 0.65 0.15 0.11 0.08
1200 2 0.65 0.15 0.11 0.08
1201 0 0.65 0.15 0.12 0.07
1202 1 0.65 0.15 0.12 0.07
1203 2 0.65 0.15 0.12 0.07
1204 0 0.65 0.15 0.13 0.06
1205 1 0.65 0.15 0.13 0.06
1206 2 0.65 0.15 0.13 0.06
1207 0 0.65 0.15 0.14 0.05
1208 1 0.65 0.15 0.14 0.05
1209 2 0.65 0.15 0.14 0.05
1210 0 0.65 0.15 0.15 0.04
1211 1 0.65 0.15 0.15 0.04
1212 2 0.65 0.15 0.15 0.04
1213 0 0.65 0.15 0.16 0.03
1214 1 0.65 0.15 0.16 0.03
1215 2 0.65 0.15 0.16 0.03
1216 0 0.65 0.16 0.11 0.07
1217 1 0.65 0.16 0.11 0.07
1218 2 0.65 0.16 0.11 0.07
1219 0 0.65 0.16 0.12 0.06
1220 1 0.65 0.16 0.12 0.06
1221 2 0.65 0.16 0.12 0.06
1222 0 0.65 0.16 0.13 0.05
1223 1 0.65 0.16 0.13 0.05
1224 2 0.65 0.16 0.13 0.05
1225 0 0.65 0.16 0.14 0.04
1226 1 0.65 0.16 0.14 0.04
1227 2 0.65 0.16 0.14 0.04
1228 0 0.65 0.16 0.15 0.03
1229 1 0.65 0.16 0.15 0.03
1230 2 0.65 0.16 0.15 0.03
1231 0 0.65 0.16 0.16 0.02
1232 1 0.65 0.16 0.16 0.02
1233 2 0.65 0.16 0.16 0.02
1234 0 0.7 0.1 0.1 0.09
1235 1 0.7 0.1 0.1 0.09
1236 2 0.7 0.1 0.1 0.09
1237 0 0.7 0.1 0.11 0.08
1238 1 0.7 0.1 0.11 0.08
1239 2 0.7 0.1 0.11 0.08
1240 0 0.7 0.1 0.12 0.07
1241 1 0.7 0.1 0.12 0.07
1242 2 0.7 0.1 0.12 0.07
1243 0 0.7 0.1 0.13 0.06
1244 1 0.7 0.1 0.13 0.06
1245 2 0.7 0.1 0.13 0.06
1246 0 0.7 0.1 0.14 0.05
1247 1 0.7 0.1 0.14 0.05
1248 2 0.7 0.1 0.14 0.05
1249 0 0.7 0.11 0.1 0.08
1250 1 0.7 0.11 0.1 0.08
1251 2 0.7 0.11 0.1 0.08
1252 0 0.7 0.11 0.11 0.07
1253 1 0.7 0.11 0.11 0.07
1254 2 0.7 0.11 0.11 0.07
1255 0 0.7 0.11 0.12 0.06
1256 1 0.7 0.11 0.12 0.06
1257 2 0.7 0.11 0.12 0.06
1258 0 0.7 0.11 0.13 0.05
1259 1 0.7 0.11 0.13 0.05
1260 2 0.7 0.11 0.13 0.05
1261 0 0.7 0.11 0.14 0.04
1262 1 0.7 0.11 0.14 0.04
1263 2 0.7 0.11 0.14 0.04
1264 0 0.7 0.12 0.1 0.07
1265 1 0.7 0.12 0.1 0.07
1266 2 0.7 0.12 0.1 0.07
1267 0 0.7 0.12 0.11 0.06
1268 1 0.7 0.12 0.11 0.06
1269 2 0.7 0.12 0.11 0.06
1270 0 0.7 0.12 0.12 0.05
1271 1 0.7 0.12 0.12 0.05
1272 2 0.7 0.12 0.12 0.05
1273 0 0.7 0.12 0.13 0.04
1274 1 0.7 0.12 0.13 0.04
1275 2 0.7 0.12 0.13 0.04
1276 0 0.7 0.12 0.14 0.03
1277 1 0.7 0.12 0.14 0.03
1278 2 0.7 0.12 0.14 0.03
1279 0 0.7 0.13 0.1 0.06
1280 1 0.7 0.13 0.1 0.06
1281 2 0.7 0.13 0.1 0.06
1282 0 0.7 0.13 0.11 0.05
1283 1 0.7 0.13 0.11 0.05
1284 2 0.7 0.13 0.11 0.05
1285 0 0.7 0.13 0.12 0.04
1286 1 0.7 0.13 0.12 0.04
1287 2 0.7 0.13 0.12 0.04
1288 0 0.7 0.13 0.13 0.03
1289 1 0.7 0.13 0.13 0.03
1290 2 0.7 0.13 0.13 0.03
1291 0 0.7 0.13 0.14 0.02
1292 1 0.7 0.13 0.14 0.02
1293 2 0.7 0.13 0.14 0.02
1294 0 0.7 0.14 0.1 0.05
1295 1 0.7 0.14 0.1 0.05
1296 2 0.7 0.14 0.1 0.05
1297 0 0.7 0.14 0.11 0.04
1298 1 0.7 0.14 0.11 0.04
1299 2 0.7 0.14 0.11 0.04
1300 0 0.7 0.14 0.12 0.03
1301 1 0.7 0.14 0.12 0.03
1302 2 0.7 0.14 0.12 0.03
1303 0 0.7 0.14 0.13 0.02
1304 1 0.7 0.14 0.13 0.02
1305 2 0.7 0.14 0.13 0.02
1306 0 0.7 0.14 0.14 0.01
1307 1 0.7 0.14 0.14 0.01
1308 2 0.7 0.14 0.14 0.01
1309 0 0.75 0.08 0.08 0.08
1310 1 0.75 0.08 0.08 0.08
1311 2 0.75 0.08 0.08 0.08
1312 0 0.75 0.08 0.09 0.07
1313 1 0.75 0.08 0.09 0.07
1314 2 0.75 0.08 0.09 0.07
1315 0 0.75 0.08 0.1 0.06
1316 1 0.75 0.08 0.1 0.06
1317 2 0.75 0.08 0.1 0.06
1318 0 0.75 0.08 0.11 0.05
1319 1 0.75 0.08 0.11 0.05
1320 2 0.75 0.08 0.11 0.05
1321 0 0.75 0.09 0.08 0.07
1322 1 0.75 0.09 0.08 0.07
1323 2 0.75 0.09 0.08 0.07
1324 0 0.75 0.09 0.09 0.06
1325 1 0.75 0.09 0.09 0.06
1326 2 0.75 0.09 0.09 0.06
1327 0 0.75 0.09 0.1 0.05
1328 1 0.75 0.09 0.1 0.05
1329 2 0.75 0.09 0.1 0.05
1330 0 0.75 0.09 0.11 0.04
1331 1 0.75 0.09 0.11 0.04
1332 2 0.75 0.09 0.11 0.04
1333 0 0.75 0.1 0.08 0.06
1334 1 0.75 0.1 0.08 0.06
1335 2 0.75 0.1 0.08 0.06
1336 0 0.75 0.1 0.09 0.05
1337 1 0.75 0.1 0.09 0.05
1338 2 0.75 0.1 0.09 0.05
1339 0 0.75 0.1 0.1 0.04
1340 1 0.75 0.1 0.1 0.04
1341 2 0.75 0.1 0.1 0.04
1342 0 0.75 0.1 0.11 0.03
1343 1 0.75 0.1 0.11 0.03
1344 2 0.75 0.1 0.11 0.03
1345 0 0.75 0.11 0.08 0.05
1346 1 0.75 0.11 0.08 0.05
1347 2 0.75 0.11 0.08 0.05
1348 0 0.75 0.11 0.09 0.04
1349 1 0.75 0.11 0.09 0.04
1350 2 0.75 0.11 0.09 0.04
1351 0 0.75 0.11 0.1 0.03
1352 1 0.75 0.11 0.1 0.03
1353 2 0.75 0.11 0.1 0.03
1354 0 0.75 0.11 0.11 0.02
1355 1 0.75 0.11 0.11 0.02
1356 2 0.75 0.11 0.11 0.02
1357 0 0.8 0.06 0.06 0.07
1358 1 0.8 0.06 0.06 0.07
1359 2 0.8 0.06 0.06 0.07
1360 0 0.8 0.06 0.07 0.06
1361 1 0.8 0.06 0.07 0.06
1362 2 0.8 0.06 0.07 0.06
1363 0 0.8 0.06 0.08 0.05
1364 1 0.8 0.06 0.08 0.05
1365 2 0.8 0.06 0.08 0.05
1366 0 0.8 0.06 0.09 0.04
1367 1 0.8 0.06 0.09 0.04
1368 2 0.8 0.06 0.09 0.04
1369 0 0.8 0.07 0.06 0.06
1370 1 0.8 0.07 0.06 0.06
1371 2 0.8 0.07 0.06 0.06
1372 0 0.8 0.07 0.07 0.05
1373 1 0.8 0.07 0.07 0.05
1374 2 0.8 0.07 0.07 0.05
1375 0 0.8 0.07 0.08 0.04
1376 1 0.8 0.07 0.08 0.04
1377 2 0.8 0.07 0.08 0.04
1378 0 0.8 0.07 0.09 0.03
1379 1 0.8 0.07 0.09 0.03
1380 2 0.8 0.07 0.09 0.03
1381 0 0.8 0.08 0.06 0.05
1382 1 0.8 0.08 0.06 0.05
1383 2 0.8 0.08 0.06 0.05
1384 0 0.8 0.08 0.07 0.04
1385 1 0.8 0.08 0.07 0.04
1386 2 0.8 0.08 0.07 0.04
1387 0 0.8 0.08 0.08 0.03
1388 1 0.8 0.08 0.08 0.03
1389 2 0.8 0.08 0.08 0.03
1390 0 0.8 0.08 0.09 0.02
1391 1 0.8 0.08 0.09 0.02
1392 2 0.8 0.08 0.09 0.02
1393 0 0.8 0.09 0.06 0.04
1394 1 0.8 0.09 0.06 0.04
1395 2 0.8 0.09 0.06 0.04
1396 0 0.8 0.09 0.07 0.03
1397 1 0.8 0.09 0.07 0.03
1398 2 0.8 0.09 0.07 0.03
1399 0 0.8 0.09 0.08 0.02
1400 1 0.8 0.09 0.08 0.02
1401 2 0.8 0.09 0.08 0.02
1402 0 0.8 0.09 0.09 0.01
1403 1 0.8 0.09 0.09 0.01
1404 2 0.8 0.09 0.09 0.01
1405 0 0.85 0.05 0.05 0.04
1406 1 0.85 0.05 0.05 0.04
1407 2 0.85 0.05 0.05 0.04
1408 0 0.85 0.05 0.06 0.03
1409 1 0.85 0.05 0.06 0.03
1410 2 0.85 0.05 0.06 0.03
1411 0 0.85 0.05 0.07 0.02
1412 1 0.85 0.05 0.07 0.02
1413 2 0.85 0.05 0.07 0.02
1414 0 0.85 0.06 0.05 0.03
1415 1 0.85 0.06 0.05 0.03
1416 2 0.85 0.06 0.05 0.03
1417 0 0.85 0.06 0.06 0.02
1418 1 0.85 0.06 0.06 0.02
1419 2 0.85 0.06 0.06 0.02
1420 0 0.85 0.06 0.07 0.01
1421 1 0.85 0.06 0.07 0.01
1422 2 0.85 0.06 0.07 0.01
1423 0 0.85 0.07 0.05 0.02
1424 1 0.85 0.07 0.05 0.02
1425 2 0.85 0.07 0.05 0.02
1426 0 0.85 0.07 0.06 0.01
1427 1 0.85 0.07 0.06 0.01
1428 2 0.85 0.07 0.06 0.01
1429 0 0.85 0.07 0.07 0.0
1430 1 0.85 0.07 0.07 0.0
1431 2 0.85 0.07 0.07 0.0
